
HD001 HH001 5 25000,00 125000,00
HD001 HH005 2 55000,00 110000,00
HD001 HH003 10 29000,00 290000,00
HD002 HH005 2 55000,00 110000,00
HD002 HH004 10 37000,00 370000,00
HD003 HH005 10 55000,00 550000,00
HD003 HH001 10 25000,00 250000,00
HD003 HH004 30 37000,00 1110000,00
HD004 HH003 10 29000,00 290000,00
HD004 HH005 2 55000,00 110000,00
HD005 HH016 2 190000,00 380000,00
HD005 HH009 4 67001,00 268004,00
HD005 HH005 2 55000,00 110000,00
HD005 HH006 1 118001,00 118001,00
HD005 HH004 40 37000,00 1480000,00
HD006 HH001 2 25000,00 50000,00
HD006 HH002 2 25000,00 50000,00
HD006 HH007 1 15000,00 15000,00
HD006 HH016 1 190000,00 190000,00
HD007 HH015 4 599000,00 2396000,00
HD007 HH004 32 37000,00 1184000,00
HD007 HH006 2 118001,00 236002,00
HD007 HH010 4 20000,00 80000,00
HD007 HH009 2 67001,00 134002,00
